3,1
3,3
<<<<<<< HEAD
10,174
10,192
10,138
10,176
10,236
10,152
9,7
8,4
8,11
8,15
=======
10,157
10,89
10,285
10,249
10,85
10,209
10,5
10,293
11,19
11,9
11,5
9,7
9,5
8,15
8,16
8,9
>>>>>>> 51322ce2a1a164267e76476dc1eb63a7771e804f
8,14
20,3
20,2
20,1
19,2
19,1
12,3
19,3
12,2
12,1
11,30
11,29
11,28
11,27
11,26
11,25
11,24
11,23
11,22
11,21
11,17
11,16
11,15
11,13
11,11
11,10
11,8
11,6
11,4
11,3
11,2
11,1
10,317
10,316
10,315
10,314
10,313
10,312
10,311
10,310
10,309
10,308
10,307
10,306
10,305
10,304
10,303
10,302
10,301
10,300
10,299
10,298
10,297
<<<<<<< HEAD
10,272
10,260
18,1
10,228
18,3
=======
18,1
10,272
18,3
10,260
14,1
10,228
14,3
10,208
13,1
13,3
10,146
10,128
10,1
10,30
10,3
10,2
9,6
9,1
9,4
9,3
9,2
2,2
8,13
2,1
2,3
8,12
8,7
>>>>>>> 51322ce2a1a164267e76476dc1eb63a7771e804f
